Table 2 — TabPFN v2 Accuracy (↑)
================================================================================
                D1      D2      D3      D4      D5      D6      D7      D8      D9     D10   ADULT  VOTING    Mean
B0          0.8511  0.8519  0.9528  0.7922  0.7273  0.7143  0.9351  0.8442  0.8701  0.8896  0.7987  0.9618  0.8491
B1          0.8085  0.8519  0.9245  0.7662  0.7143  0.7078  0.9351  0.8442  0.8636  0.8961  0.7987  0.9618  0.8394
B2          0.8298  0.8642  0.9151  0.7143  0.7208  0.7143  0.9351  0.8312  0.8766  0.8896  0.7662  0.7077  0.8137
B3          0.8085  0.8519  0.9434  0.8052  0.7208  0.6883  0.8896  0.7922  0.8377  0.8896  0.7662  0.9615  0.8296
B-CIRL-TFM  0.8723  0.8519  0.9528  0.7857  0.7273  0.7078  0.9481  0.8636  0.8506  0.8896  0.7987  0.9618  0.8508

Table 2 — ECE (↓)
================================================================================
                D1      D2      D3      D4      D5      D6      D7      D8      D9     D10   ADULT  VOTING    Mean
B0          0.0958  0.1113  0.0462  0.0578  0.0475  0.1030  0.0301  0.0618  0.0387  0.0525  0.0270  0.0327  0.0587
B1          0.1346  0.0929  0.0415  0.0548  0.0994  0.0514  0.0605  0.0750  0.0480  0.0362  0.0369  0.0295  0.0634
B2          0.1161  0.0870  0.0573  0.0147  0.0964  0.0557  0.0541  0.1146  0.0488  0.0315  0.0199  0.1401  0.0697
B3          0.0848  0.0876  0.0517  0.0600  0.0747  0.0925  0.0532  0.0722  0.0578  0.0652  0.0285  0.0328  0.0634
B-CIRL-TFM  0.1390  0.0967  0.0632  0.0376  0.0475  0.0514  0.0289  0.0677  0.0209  0.0525  0.0369  0.0295  0.0560
